ID, Actual , Class 1 , Class 2 , Class 3 , Class 4 ,Final prediction Class
-----------------------------------
1 1 [0.0, 1.0, 0.0, 0.0] 2
2 1 [0.4, 0.6, 0.0, 0.0] 2
3 1 [0.4, 0.6, 0.0, 0.0] 2
skip: 중간은 생략
334 4 [0.0, 0.0, 0.0, 1.0] 4
335 4 [0.1, 0.0, 0.0, 0.9] 4
336 4 [0.0, 0.0, 0.0, 1.0] 4


confusion matrix (test)
----------------------------------
           predicted class 
 Actual 1  [49 34  1  2] 
 class  2  [22 47 11  5]
        3  [ 0  0 85  1]
        4  [ 1  1  2 75]
model summary
----------------------------------
Overall accuracy =  0.7619047619047619
